0000000000000000000000000000000000000011
0000000000000000000000000000000000000000
0000000000000000000000000000000000000000
0000000000000000000000000000000000000000
0000000000000000000000000000000000000000
0000000000000000000000000000000000000000
0000000000000000000000000000000000000000
0000000000000000000000000000000000000000
0000000000000000000000000000000000001001
0000000000000000000000000000000001101000
0000000000000000000000000000000001101001
0000000000000000000000000000000001101010
0000000000000000000000000000000000000000
0000000000000000000000000000000000000000
0000000000000000000000000000000000000000
0000000000000000000000000000000000000000
0000000000000000000000000000000000000000
0000000000000000000000000000000000000000
0000000000000000000000000000000000000000
0000000000000000000000000000000000011110
0000000000000000000000000000000000011111
0000000000000000000000000000000000100000
0000000000000000000000000000000000000000
0000000000000000000000000000000000000000
0000000000000000000000000000000000000000
0000000000000000000000000000000000000000
0000000000000000000000000000000000000000
0000000000000000000000000000000000000000
0000000000000000000000000000000000000000
0000000000000000000000000000000000001010
0000000100000000000001111111000000000000
0010000100000000000100000000000000000000
0000000100000000000100001101000000100010
1111111100000000000000000000000000000000
0000000100000000001000000101000000001001
0010000100000000001000000000000000000000
0000000100000000001100000101000000010011
0010000100000000001100000000000000000000
0000000100000000000000000110000000000001
0000010100000000100000010011000000100010
0000010100000001110100000000000000000000
0001001100000010010000000000000000000000
0000000100000000000101111111000000000000
0010000100000000000100000000000000000000
0000110100000010001000000000000000000000
1010101000000000001000100001000000000100
1010101000000000001100100001000000000101
0000000100000000010000000101000000000101
1111111000000000000000100001000000000110
0000101000000000000000100001000000000111
1111111100000000000000000000000000000000
